0.0000	0.009686	-0.006288
0.0025	0.010406	-0.006161
0.0050	0.009889	-0.005296
0.0075	0.008124	-0.003836
0.0100	0.005450	-0.002156
0.0125	0.002361	-0.000749
0.0150	-0.000603	0.000042
0.0175	-0.002999	0.000291
0.0200	-0.004610	0.000424
0.0225	-0.005464	0.000841
0.0250	-0.005756	0.001667
0.0275	-0.005766	0.002826
0.0300	-0.005804	0.004161
0.0325	-0.006153	0.005486
0.0350	-0.006933	0.006650
0.0375	-0.008011	0.007537
0.0400	-0.009067	0.007962
0.0425	-0.009682	0.007699
0.0450	-0.009419	0.006690
0.0475	-0.008039	0.005163
0.0500	-0.005730	0.003509
0.0525	-0.002983	0.002063
0.0550	-0.000182	0.000991
0.0575	0.002497	0.000313
0.0600	0.004789	-0.000027
0.0625	0.006276	-0.000090
0.0650	0.006741	0.000066
0.0675	0.006342	0.000363
0.0700	0.005445	0.000659
0.0725	0.004505	0.000779
0.0750	0.004016	0.000613
0.0775	0.004283	0.000116
0.0800	0.005159	-0.000841
0.0825	0.006143	-0.002487
0.0850	0.006848	-0.004893
0.0875	0.007276	-0.007764
0.0900	0.007650	-0.010538
0.0925	0.008236	-0.012615
0.0950	0.009346	-0.013543
0.0975	0.011148	-0.013168
0.1000	0.013320	-0.011706
0.1025	0.015124	-0.009598
0.1050	0.016020	-0.007241
0.1075	0.016047	-0.004898
0.1100	0.015517	-0.002870
0.1125	0.014613	-0.001568
0.1150	0.013360	-0.001280
0.1175	0.011762	-0.001888
0.1200	0.009792	-0.002888
0.1225	0.007397	-0.003621
0.1250	0.004632	-0.003486
0.1275	0.001733	-0.002181
0.1300	-0.001030	0.000013
0.1325	-0.003519	0.002281
0.1350	-0.005692	0.003835
0.1375	-0.007499	0.004408
0.1400	-0.008837	0.004208
0.1425	-0.009545	0.003602
0.1450	-0.009446	0.002937
0.1475	-0.008471	0.002469
0.1500	-0.006804	0.002251
0.1525	-0.004874	0.002171
0.1550	-0.003092	0.002158
0.1575	-0.001595	0.002186
0.1600	-0.000291	0.002017
0.1625	0.000942	0.001167
0.1650	0.002183	-0.000706
0.1675	0.003418	-0.003460
0.1700	0.004509	-0.006536
0.1725	0.005377	-0.009283
0.1750	0.006191	-0.011268
0.1775	0.007203	-0.012436
0.1800	0.008463	-0.013110
0.1825	0.009864	-0.013765
0.1850	0.011334	-0.014692
0.1875	0.012711	-0.015811
0.1900	0.013559	-0.016777
0.1925	0.013448	-0.017263
0.1950	0.012419	-0.017171
0.1975	0.010988	-0.016650
0.2000	0.009707	-0.015924
0.2025	0.008871	-0.015041
0.2050	0.008628	-0.013782
0.2075	0.009066	-0.011945
0.2100	0.010017	-0.009722
0.2125	0.010951	-0.007610
0.2150	0.011291	-0.005950
0.2175	0.010751	-0.004762
0.2200	0.009360	-0.003970
0.2225	0.007448	-0.003567
0.2250	0.005641	-0.003483
0.2275	0.004541	-0.003492
0.2300	0.004219	-0.003426
0.2325	0.004196	-0.003291
0.2350	0.003964	-0.003062
0.2375	0.003407	-0.002576
0.2400	0.002711	-0.001837
0.2425	0.002146	-0.001188
0.2450	0.001927	-0.001015
0.2475	0.002072	-0.001400
0.2500	0.002284	-0.002161
0.2525	0.002091	-0.003009
0.2550	0.001215	-0.003524
0.2575	-0.000242	-0.003283
0.2600	-0.001944	-0.002292
0.2625	-0.003515	-0.001120
0.2650	-0.004617	-0.000445
0.2675	-0.005016	-0.000606
0.2700	-0.004693	-0.001535
0.2725	-0.003863	-0.002850
0.2750	-0.002805	-0.003948
0.2775	-0.001672	-0.004269
0.2800	-0.000470	-0.003748
0.2825	0.000848	-0.002984
0.2850	0.002380	-0.002844
0.2875	0.004248	-0.003884
0.2900	0.006490	-0.006076
0.2925	0.009081	-0.008844
0.2950	0.011997	-0.011356
0.2975	0.015123	-0.012955
0.3000	0.018234	-0.013462
0.3025	0.021177	-0.013162
0.3050	0.023958	-0.012500
0.3075	0.026527	-0.011782
0.3100	0.028533	-0.011072
0.3125	0.029497	-0.010171
0.3150	0.029234	-0.008748
0.3175	0.028019	-0.006691
0.3200	0.026355	-0.004359
0.3225	0.024731	-0.002383
0.3250	0.023528	-0.001209
0.3275	0.022914	-0.000873
0.3300	0.022662	-0.001135
0.3325	0.022245	-0.001679
0.3350	0.021310	-0.002234
0.3375	0.019925	-0.002706
0.3400	0.018297	-0.003193
0.3425	0.016485	-0.003746
0.3450	0.014493	-0.004207
0.3475	0.012357	-0.004380
0.3500	0.010104	-0.004267
0.3525	0.007812	-0.004013
0.3550	0.005749	-0.003683
0.3575	0.004237	-0.003270
0.3600	0.003274	-0.002922
0.3625	0.002427	-0.002922
0.3650	0.001190	-0.003340
0.3675	-0.000614	-0.003898
0.3700	-0.002759	-0.004270
0.3725	-0.004795	-0.004317
0.3750	-0.006262	-0.004015
0.3775	-0.006864	-0.003409
0.3800	-0.006610	-0.002753
0.3825	-0.005796	-0.002476
0.3850	-0.004788	-0.002831
0.3875	-0.003840	-0.003619
0.3900	-0.003081	-0.004335
0.3925	-0.002458	-0.004531
0.3950	-0.001661	-0.004039
0.3975	-0.000290	-0.003015
0.4000	0.001815	-0.001855
0.4025	0.004493	-0.001044
0.4050	0.007483	-0.000914
0.4075	0.010516	-0.001520
0.4100	0.013226	-0.002747
0.4125	0.015234	-0.004433
0.4150	0.016404	-0.006317
0.4175	0.016855	-0.008084
0.4200	0.016793	-0.009526
0.4225	0.016525	-0.010623
0.4250	0.016513	-0.011429
0.4275	0.017177	-0.011928
0.4300	0.018578	-0.012042
0.4325	0.020369	-0.011679
0.4350	0.022055	-0.010747
0.4375	0.023231	-0.009242
0.4400	0.023599	-0.007372
0.4425	0.022970	-0.005464
0.4450	0.021394	-0.003757
0.4475	0.019176	-0.002410
0.4500	0.016650	-0.001635
0.4525	0.014016	-0.001609
0.4550	0.011430	-0.002248
0.4575	0.009026	-0.003182
0.4600	0.006738	-0.004022
0.4625	0.004309	-0.004515
0.4650	0.001565	-0.004481
0.4675	-0.001461	-0.003902
0.4700	-0.004636	-0.003174
0.4725	-0.007698	-0.003027
0.4750	-0.010172	-0.004012
0.4775	-0.011574	-0.006090
0.4800	-0.011825	-0.008702
0.4825	-0.011356	-0.011099
0.4850	-0.010749	-0.012590
0.4875	-0.010365	-0.012762
0.4900	-0.010324	-0.011744
0.4925	-0.010660	-0.010099
0.4950	-0.011367	-0.008301
0.4975	-0.012355	-0.006460
0.5000	-0.013427	-0.004615
0.5025	-0.014225	-0.003023
0.5050	-0.014208	-0.001972
0.5075	-0.012920	-0.001517
0.5100	-0.010435	-0.001575
0.5125	-0.007389	-0.002047
0.5150	-0.004475	-0.002673
0.5175	-0.002040	-0.003027
0.5200	-0.000058	-0.002793
0.5225	0.001764	-0.001970
0.5250	0.003783	-0.000820
0.5275	0.006026	0.000249
0.5300	0.007973	0.000734
0.5325	0.008955	0.000252
0.5350	0.008838	-0.001084
0.5375	0.008193	-0.002672
0.5400	0.007824	-0.003935
0.5425	0.008196	-0.004678
0.5450	0.009241	-0.004987
0.5475	0.010478	-0.005097
0.5500	0.011293	-0.005354
0.5525	0.011277	-0.006031
0.5550	0.010502	-0.007041
0.5575	0.009441	-0.007927
0.5600	0.008504	-0.008220
0.5625	0.007683	-0.007715
0.5650	0.006650	-0.006510
0.5675	0.005041	-0.005062
0.5700	0.002643	-0.004137
0.5725	-0.000405	-0.004352
0.5750	-0.003561	-0.005639
0.5775	-0.006202	-0.007317
0.5800	-0.008161	-0.008670
0.5825	-0.009816	-0.009317
0.5850	-0.011594	-0.009114
0.5875	-0.013534	-0.008035
0.5900	-0.015329	-0.006288
0.5925	-0.016596	-0.004257
0.5950	-0.017137	-0.002243
0.5975	-0.017146	-0.000398
0.6000	-0.017200	0.001084
0.6025	-0.017873	0.001938
0.6050	-0.019244	0.002108
0.6075	-0.020854	0.001898
0.6100	-0.022222	0.001736
0.6125	-0.023259	0.001959
0.6150	-0.024109	0.002829
0.6175	-0.024794	0.004429
0.6200	-0.025091	0.006459
0.6225	-0.024567	0.008364
0.6250	-0.022697	0.009711
0.6275	-0.019243	0.010373
0.6300	-0.014626	0.010404
0.6325	-0.009742	0.009933
0.6350	-0.005360	0.009195
0.6375	-0.001828	0.008483
0.6400	0.000739	0.007978
0.6425	0.002343	0.007658
0.6450	0.003221	0.007385
0.6475	0.003794	0.007012
0.6500	0.004412	0.006464
0.6525	0.005245	0.005880
0.6550	0.006409	0.005642
0.6575	0.007946	0.006017
0.6600	0.009635	0.006686
0.6625	0.011055	0.006849
0.6650	0.011894	0.005909
0.6675	0.012071	0.003908
0.6700	0.011598	0.001394
0.6725	0.010591	-0.000919
0.6750	0.009368	-0.002440
0.6775	0.008256	-0.002915
0.6800	0.007197	-0.002519
0.6825	0.005786	-0.001696
0.6850	0.003866	-0.000787
0.6875	0.001869	0.000140
0.6900	0.000406	0.001074
0.6925	-0.000319	0.001851
0.6950	-0.000606	0.002196
0.6975	-0.000975	0.001833
0.7000	-0.001868	0.000613
0.7025	-0.003470	-0.001254
0.7050	-0.005639	-0.003143
0.7075	-0.008024	-0.004396
0.7100	-0.010354	-0.004795
0.7125	-0.012606	-0.004596
0.7150	-0.014864	-0.004167
0.7175	-0.017106	-0.003775
0.7200	-0.019150	-0.003593
0.7225	-0.020707	-0.003667
0.7250	-0.021448	-0.003838
0.7275	-0.021191	-0.003855
0.7300	-0.020151	-0.003664
0.7325	-0.018883	-0.003501
0.7350	-0.017779	-0.003524
0.7375	-0.016683	-0.003494
0.7400	-0.015073	-0.002980
0.7425	-0.012446	-0.001776
0.7450	-0.008595	-0.000065
0.7475	-0.003852	0.001637
0.7500	0.000894	0.002653
0.7525	0.004731	0.002558
0.7550	0.007408	0.001587
0.7575	0.009413	0.000547
0.7600	0.011393	0.000183
0.7625	0.013672	0.000660
0.7650	0.016200	0.001614
0.7675	0.018632	0.002532
0.7700	0.020424	0.003110
0.7725	0.021113	0.003406
0.7750	0.020597	0.003668
0.7775	0.019049	0.003965
0.7800	0.016625	0.004038
0.7825	0.013446	0.003581
0.7850	0.009888	0.002613
0.7875	0.006664	0.001437
0.7900	0.004423	0.000260
0.7925	0.003335	-0.000950
0.7950	0.003076	-0.002262
0.7975	0.003039	-0.003651
0.8000	0.002614	-0.005038
0.8025	0.001515	-0.006230
0.8050	-0.000005	-0.006839
0.8075	-0.001450	-0.006538
0.8100	-0.002725	-0.005446
0.8125	-0.004363	-0.004084
0.8150	-0.007033	-0.002926
0.8175	-0.010910	-0.002147
0.8200	-0.015505	-0.001709
0.8225	-0.019927	-0.001447
0.8250	-0.023309	-0.001134
0.8275	-0.025192	-0.000642
0.8300	-0.025709	-0.000070
0.8325	-0.025389	0.000446
0.8350	-0.024626	0.001082
0.8375	-0.023336	0.002277
0.8400	-0.021211	0.004251
0.8425	-0.018183	0.006654
0.8450	-0.014562	0.008737
0.8475	-0.010808	0.009784
0.8500	-0.007277	0.009440
0.8525	-0.004117	0.007854
0.8550	-0.001299	0.005597
0.8575	0.001225	0.003339
0.8600	0.003363	0.001481
0.8625	0.005022	0.000060
0.8650	0.006370	-0.001097
0.8675	0.007756	-0.002214
0.8700	0.009387	-0.003464
0.8725	0.011253	-0.004819
0.8750	0.013275	-0.006046
0.8775	0.015322	-0.006943
0.8800	0.017100	-0.007572
0.8825	0.018248	-0.008241
0.8850	0.018668	-0.009240
0.8875	0.018624	-0.010601
0.8900	0.018473	-0.012064
0.8925	0.018440	-0.013130
0.8950	0.018642	-0.013256
0.8975	0.019069	-0.012240
0.9000	0.019494	-0.010418
0.9025	0.019585	-0.008347
0.9050	0.019186	-0.006387
0.9075	0.018348	-0.004697
0.9100	0.017050	-0.003448
0.9125	0.015144	-0.002785
0.9150	0.012663	-0.002602
0.9175	0.009895	-0.002533
0.9200	0.007002	-0.002141
0.9225	0.003841	-0.001094
0.9250	0.000244	0.000653
0.9275	-0.003716	0.002688
0.9300	-0.007791	0.004283
0.9325	-0.011703	0.004919
0.9350	-0.015084	0.004680
0.9375	-0.017508	0.004106
0.9400	-0.018741	0.003721
0.9425	-0.018857	0.003780
0.9450	-0.018046	0.004256
0.9475	-0.016410	0.004852
0.9500	-0.013975	0.005080
0.9525	-0.010761	0.004599
0.9550	-0.006783	0.003511
0.9575	-0.002133	0.002267
0.9600	0.002762	0.001294
0.9625	0.007107	0.000767
0.9650	0.010218	0.000629
0.9675	0.012017	0.000701
0.9700	0.013017	0.000837
0.9725	0.013939	0.001114
0.9750	0.015361	0.001738
0.9775	0.017502	0.002695
0.9800	0.020137	0.003587
0.9825	0.022784	0.003875
0.9850	0.025096	0.003242
0.9875	0.027025	0.001779
0.9900	0.028613	-0.000092
0.9925	0.029861	-0.001858
0.9950	0.030790	-0.003156
0.9975	0.031404	-0.003913
1.0000	0.031622	-0.004210
1.0025	0.031433	-0.004030
1.0050	0.031052	-0.003225
1.0075	0.030672	-0.001749
1.0100	0.030064	0.000182
1.0125	0.028705	0.002166
1.0150	0.026393	0.003759
1.0175	0.023518	0.004564
1.0200	0.020621	0.004391
1.0225	0.017901	0.003471
1.0250	0.015272	0.002395
1.0275	0.012672	0.001707
1.0300	0.010126	0.001566
1.0325	0.007729	0.001858
1.0350	0.005747	0.002431
1.0375	0.004469	0.003066
1.0400	0.003779	0.003334
1.0425	0.003115	0.002767
1.0450	0.001944	0.001257
1.0475	0.000110	-0.000811
1.0500	-0.002244	-0.002780
1.0525	-0.004876	-0.003940
1.0550	-0.007459	-0.003724
1.0575	-0.009564	-0.002043
1.0600	-0.010830	0.000573
1.0625	-0.011176	0.003284
1.0650	-0.010765	0.005384
1.0675	-0.009830	0.006472
1.0700	-0.008620	0.006464
1.0725	-0.007397	0.005664
1.0750	-0.006312	0.004663
1.0775	-0.005312	0.003956
1.0800	-0.004225	0.003646
1.0825	-0.002864	0.003496
1.0850	-0.000997	0.003216
1.0875	0.001548	0.002758
1.0900	0.004614	0.002417
1.0925	0.007694	0.002655
1.0950	0.010268	0.003731
1.0975	0.012075	0.005414
1.1000	0.013192	0.007075
1.1025	0.013977	0.008085
1.1050	0.014834	0.008131
1.1075	0.015805	0.007222
1.1100	0.016383	0.005589
1.1125	0.015842	0.003594
1.1150	0.013872	0.001539
1.1175	0.010871	-0.000506
1.1200	0.007675	-0.002598
1.1225	0.005004	-0.004641
1.1250	0.003090	-0.006411
1.1275	0.001673	-0.007841
1.1300	0.000256	-0.009080
1.1325	-0.001538	-0.010265
1.1350	-0.003718	-0.011432
1.1375	-0.005985	-0.012598
1.1400	-0.008037	-0.013768
1.1425	-0.009673	-0.014856
1.1450	-0.010696	-0.015720
1.1475	-0.011025	-0.016319
1.1500	-0.010961	-0.016715
1.1525	-0.011076	-0.016857
1.1550	-0.011736	-0.016576
1.1575	-0.012890	-0.015859
1.1600	-0.014352	-0.014954
1.1625	-0.015981	-0.014094
1.1650	-0.017479	-0.013298
1.1675	-0.018336	-0.012512
1.1700	-0.018117	-0.011727
1.1725	-0.016744	-0.010802
1.1750	-0.014529	-0.009443
1.1775	-0.012022	-0.007553
1.1800	-0.009804	-0.005444
1.1825	-0.008253	-0.003616
1.1850	-0.007333	-0.002445
1.1875	-0.006652	-0.002068
1.1900	-0.005819	-0.002375
1.1925	-0.004697	-0.003031
1.1950	-0.003307	-0.003633
1.1975	-0.001668	-0.003969
1.2000	0.000232	-0.004089
1.2025	0.002460	-0.004104
1.2050	0.005124	-0.004072
1.2075	0.008182	-0.004081
1.2100	0.011203	-0.004235
1.2125	0.013480	-0.004486
1.2150	0.014469	-0.004615
1.2175	0.014092	-0.004424
1.2200	0.012742	-0.003879
1.2225	0.011066	-0.003079
1.2250	0.009630	-0.002215
1.2275	0.008643	-0.001612
1.2300	0.007968	-0.001630
1.2325	0.007425	-0.002404
1.2350	0.007030	-0.003735
1.2375	0.006814	-0.005247
1.2400	0.006469	-0.006587
1.2425	0.005403	-0.007538
1.2450	0.003183	-0.008096
1.2475	-0.000185	-0.008491
1.2500	-0.004303	-0.008937
1.2525	-0.008461	-0.009298
1.2550	-0.011773	-0.009203
1.2575	-0.013624	-0.008540
1.2600	-0.014180	-0.007618
1.2625	-0.014245	-0.006822
1.2650	-0.014424	-0.006319
1.2675	-0.014599	-0.006093
1.2700	-0.014207	-0.006008
1.2725	-0.012782	-0.005762
1.2750	-0.010234	-0.005040
1.2775	-0.006967	-0.003840
1.2800	-0.003857	-0.002447
1.2825	-0.001847	-0.001020
1.2850	-0.001289	0.000557
1.2875	-0.001717	0.002348
1.2900	-0.002305	0.004132
1.2925	-0.002438	0.005600
1.2950	-0.001891	0.006598
1.2975	-0.000705	0.007058
1.3000	0.000964	0.006922
1.3025	0.002928	0.006339
1.3050	0.005050	0.005744
1.3075	0.007228	0.005577
1.3100	0.009241	0.006004
1.3125	0.010782	0.006912
1.3150	0.011722	0.008027
1.3175	0.012209	0.008995
1.3200	0.012486	0.009477
1.3225	0.012710	0.009357
1.3250	0.012905	0.008828
1.3275	0.012971	0.008149
1.3300	0.012736	0.007374
1.3325	0.012133	0.006430
1.3350	0.011381	0.005291
1.3375	0.010897	0.004003
1.3400	0.010903	0.002692
1.3425	0.011187	0.001557
1.3450	0.011249	0.000664
1.3475	0.010586	-0.000259
1.3500	0.008897	-0.001633
1.3525	0.006210	-0.003559
1.3550	0.002916	-0.005733
1.3575	-0.000395	-0.007818
1.3600	-0.003213	-0.009692
1.3625	-0.005246	-0.011309
1.3650	-0.006352	-0.012480
1.3675	-0.006537	-0.012856
1.3700	-0.006071	-0.012060
1.3725	-0.005449	-0.009923
1.3750	-0.005137	-0.006746
1.3775	-0.005422	-0.003366
1.3800	-0.006437	-0.000775
1.3825	-0.008116	0.000471
1.3850	-0.010008	0.000454
1.3875	-0.011396	-0.000352
1.3900	-0.011797	-0.001339
1.3925	-0.011245	-0.001862
1.3950	-0.010069	-0.001411
1.3975	-0.008604	0.000108
1.4000	-0.007134	0.002403
1.4025	-0.005845	0.005180
1.4050	-0.004662	0.008254
1.4075	-0.003297	0.011263
1.4100	-0.001655	0.013639
1.4125	-0.000052	0.014964
1.4150	0.001140	0.015120
1.4175	0.001962	0.014115
1.4200	0.002880	0.012036
1.4225	0.004384	0.009208
1.4250	0.006630	0.006175
1.4275	0.009357	0.003398
1.4300	0.012031	0.001082
1.4325	0.014093	-0.000726
1.4350	0.015249	-0.002040
1.4375	0.015536	-0.002994
1.4400	0.015111	-0.003851
1.4425	0.014122	-0.004863
1.4450	0.012778	-0.006162
1.4475	0.011327	-0.007760
1.4500	0.009936	-0.009533
1.4525	0.008667	-0.011115
1.4550	0.007557	-0.011971
1.4575	0.006551	-0.011729
1.4600	0.005368	-0.010453
1.4625	0.003644	-0.008625
1.4650	0.001311	-0.006908
1.4675	-0.001286	-0.005803
1.4700	-0.003638	-0.005373
1.4725	-0.005347	-0.005295
1.4750	-0.006259	-0.005263
1.4775	-0.006527	-0.005313
1.4800	-0.006585	-0.005637
1.4825	-0.006901	-0.006208
1.4850	-0.007643	-0.006783
1.4875	-0.008625	-0.007195
1.4900	-0.009594	-0.007418
1.4925	-0.010410	-0.007405
1.4950	-0.010928	-0.007092
1.4975	-0.011001	-0.006584
1.5000	-0.010668	-0.006105
1.5025	-0.010089	-0.005675
1.5050	-0.009262	-0.005036
1.5075	-0.008050	-0.003955
1.5100	-0.006571	-0.002368
1.5125	-0.005338	-0.000259
1.5150	-0.004893	0.002312
1.5175	-0.005389	0.004990
1.5200	-0.006518	0.007166
1.5225	-0.007698	0.008343
1.5250	-0.008331	0.008350
1.5275	-0.008013	0.007170
1.5300	-0.006694	0.004851
1.5325	-0.004690	0.001729
1.5350	-0.002463	-0.001507
1.5375	-0.000340	-0.004156
1.5400	0.001601	-0.005887
1.5425	0.003488	-0.006835
1.5450	0.005535	-0.007433
1.5475	0.007867	-0.008134
1.5500	0.010421	-0.009124
1.5525	0.013018	-0.010119
1.5550	0.015451	-0.010501
1.5575	0.017436	-0.009788
1.5600	0.018587	-0.008020
1.5625	0.018679	-0.005768
1.5650	0.017935	-0.003838
1.5675	0.016849	-0.002831
1.5700	0.015770	-0.002741
1.5725	0.014756	-0.002912
1.5750	0.013666	-0.002559
1.5775	0.012299	-0.001479
1.5800	0.010523	-0.000124
1.5825	0.008452	0.000955
1.5850	0.006480	0.001551
1.5875	0.004996	0.001800
1.5900	0.003987	0.002028
1.5925	0.003057	0.002527
1.5950	0.001826	0.003289
1.5975	0.000129	0.003934
1.6000	-0.002073	0.004061
1.6025	-0.004663	0.003731
1.6050	-0.007168	0.003484
1.6075	-0.008909	0.003860
1.6100	-0.009508	0.005045
1.6125	-0.009072	0.006865
1.6150	-0.007856	0.008848
1.6175	-0.006029	0.010315
1.6200	-0.003785	0.010753
1.6225	-0.001406	0.010215
1.6250	0.000833	0.009227
1.6275	0.002732	0.008231
1.6300	0.004187	0.007310
1.6325	0.005293	0.006402
1.6350	0.006399	0.005452
1.6375	0.007870	0.004371
1.6400	0.009716	0.003155
1.6425	0.011562	0.002031
1.6450	0.012944	0.001310
1.6475	0.013530	0.001062
1.6500	0.013169	0.001043
1.6525	0.011957	0.000961
1.6550	0.010299	0.000705
1.6575	0.008746	0.000293
1.6600	0.007637	-0.000213
1.6625	0.006938	-0.000728
1.6650	0.006437	-0.001257
1.6675	0.005958	-0.001995
1.6700	0.005418	-0.003182
1.6725	0.004885	-0.004834
1.6750	0.004615	-0.006701
1.6775	0.004912	-0.008506
1.6800	0.005830	-0.010094
1.6825	0.007046	-0.011357
1.6850	0.008021	-0.012183
1.6875	0.008253	-0.012538
1.6900	0.007463	-0.012472
1.6925	0.005792	-0.012038
1.6950	0.003827	-0.011263
1.6975	0.002267	-0.010147
1.7000	0.001508	-0.008642
1.7025	0.001490	-0.006639
1.7050	0.001845	-0.004034
1.7075	0.002116	-0.000863
1.7100	0.001893	0.002591
1.7125	0.000898	0.005822
1.7150	-0.000928	0.008251
1.7175	-0.003416	0.009437
1.7200	-0.006238	0.009264
1.7225	-0.008955	0.008032
1.7250	-0.011074	0.006312
1.7275	-0.012262	0.004608
1.7300	-0.012589	0.003159
1.7325	-0.012449	0.002013
1.7350	-0.012222	0.001105
1.7375	-0.012073	0.000292
1.7400	-0.012006	-0.000505
1.7425	-0.011903	-0.001135
1.7450	-0.011558	-0.001350
1.7475	-0.010884	-0.001125
1.7500	-0.010084	-0.000754
1.7525	-0.009466	-0.000605
1.7550	-0.009090	-0.000891
1.7575	-0.008657	-0.001648
1.7600	-0.007749	-0.002756
1.7625	-0.006101	-0.003936
1.7650	-0.003712	-0.004850
1.7675	-0.000888	-0.005288
1.7700	0.001759	-0.005204
1.7725	0.003547	-0.004584
1.7750	0.004094	-0.003392
1.7775	0.003497	-0.001818
1.7800	0.002161	-0.000438
1.7825	0.000560	0.000095
1.7850	-0.000899	-0.000424
1.7875	-0.001990	-0.001582
1.7900	-0.002683	-0.002659
1.7925	-0.002932	-0.003122
1.7950	-0.002478	-0.002964
1.7975	-0.001050	-0.002626
1.8000	0.001261	-0.002607
1.8025	0.003936	-0.003130
1.8050	0.006337	-0.004089
1.8075	0.008016	-0.005188
1.8100	0.008787	-0.006063
1.8125	0.008710	-0.006422
1.8150	0.008025	-0.006253
1.8175	0.007009	-0.005779
1.8200	0.005855	-0.005076
1.8225	0.004714	-0.003920
1.8250	0.003794	-0.002169
1.8275	0.003255	-0.000184
1.8300	0.002985	0.001296
1.8325	0.002579	0.001664
1.8350	0.001582	0.000787
1.8375	-0.000300	-0.000993
1.8400	-0.003110	-0.003065
1.8425	-0.006481	-0.004906
1.8450	-0.009633	-0.006393
1.8475	-0.011780	-0.007762
1.8500	-0.012620	-0.009218
1.8525	-0.012361	-0.010640
1.8550	-0.011347	-0.011719
1.8575	-0.009826	-0.012264
1.8600	-0.008067	-0.012272
1.8625	-0.006468	-0.011821
1.8650	-0.005383	-0.011062
1.8675	-0.004934	-0.010214
1.8700	-0.004995	-0.009352
1.8725	-0.005287	-0.008252
1.8750	-0.005438	-0.006589
1.8775	-0.005042	-0.004271
1.8800	-0.003784	-0.001478
1.8825	-0.001548	0.001511
1.8850	0.001561	0.004423
1.8875	0.005248	0.006977
1.8900	0.009052	0.008947
1.8925	0.012532	0.010224
1.8950	0.015468	0.010790
1.8975	0.017765	0.010669
1.9000	0.019284	0.009927
1.9025	0.019956	0.008652
1.9050	0.020039	0.006938
1.9075	0.020051	0.004950
1.9100	0.020378	0.002992
1.9125	0.020997	0.001418
1.9150	0.021512	0.000431
1.9175	0.021349	0.000039
1.9200	0.020043	0.000279
1.9225	0.017562	0.001298
1.9250	0.014354	0.003088
1.9275	0.011037	0.005285
1.9300	0.008082	0.007316
1.9325	0.005757	0.008595
1.9350	0.004225	0.008629
1.9375	0.003517	0.007244
1.9400	0.003433	0.004823
1.9425	0.003657	0.002124
1.9450	0.004007	-0.000264
1.9475	0.004461	-0.002202
1.9500	0.005035	-0.003804
1.9525	0.005766	-0.005110
1.9550	0.006657	-0.006010
1.9575	0.007468	-0.006340
1.9600	0.007686	-0.006018
1.9625	0.006923	-0.005135
1.9650	0.005338	-0.004029
1.9675	0.003528	-0.003166
1.9700	0.002104	-0.002801
1.9725	0.001420	-0.002759
1.9750	0.001540	-0.002617
1.9775	0.002257	-0.002072
1.9800	0.003200	-0.001127
1.9825	0.004083	-0.000030
1.9850	0.004929	0.000867
1.9875	0.005936	0.001302
1.9900	0.007082	0.001312
1.9925	0.008007	0.001164
1.9950	0.008302	0.001039
1.9975	0.007880	0.000924
2.0000	0.007113	0.000792
2.0025	0.006666	0.000682
2.0050	0.007142	0.000600
2.0075	0.008718	0.000502
2.0100	0.010952	0.000405
2.0125	0.012975	0.000352
2.0150	0.014035	0.000258
2.0175	0.013931	-0.000075
2.0200	0.013026	-0.000761
2.0225	0.012002	-0.001687
2.0250	0.011503	-0.002540
2.0275	0.011771	-0.002914
2.0300	0.012501	-0.002475
2.0325	0.013096	-0.001147
2.0350	0.013103	0.000767
2.0375	0.012440	0.002708
2.0400	0.011354	0.004189
2.0425	0.010295	0.004991
2.0450	0.009679	0.005076
2.0475	0.009580	0.004517
2.0500	0.009694	0.003606
2.0525	0.009707	0.002815
2.0550	0.009577	0.002462
2.0575	0.009346	0.002495
2.0600	0.008834	0.002692
2.0625	0.007723	0.002949
2.0650	0.005927	0.003275
2.0675	0.003698	0.003691
2.0700	0.001405	0.004237
2.0725	-0.000590	0.004941
2.0750	-0.001933	0.005674
2.0775	-0.002459	0.006225
2.0800	-0.002482	0.006638
2.0825	-0.002657	0.007302
2.0850	-0.003440	0.008532
2.0875	-0.004749	0.010205
2.0900	-0.006140	0.011949
2.0925	-0.007183	0.013511
2.0950	-0.007719	0.014798
2.0975	-0.007929	0.015779
2.1000	-0.008222	0.016573
2.1025	-0.008922	0.017517
2.1050	-0.009973	0.018931
2.1075	-0.010948	0.020807
2.1100	-0.011388	0.022779
2.1125	-0.011126	0.024308
2.1150	-0.010359	0.024885
2.1175	-0.009511	0.024266
2.1200	-0.008940	0.022674
2.1225	-0.008688	0.020638
2.1250	-0.008512	0.018536
2.1275	-0.008160	0.016358
2.1300	-0.007557	0.013900
2.1325	-0.006708	0.011093
2.1350	-0.005520	0.008124
2.1375	-0.003823	0.005306
2.1400	-0.001541	0.002892
2.1425	0.001264	0.000927
2.1450	0.004468	-0.000785
2.1475	0.007895	-0.002467
2.1500	0.011320	-0.004071
2.1525	0.014576	-0.005324
2.1550	0.017632	-0.006068
2.1575	0.020452	-0.006401
2.1600	0.022773	-0.006575
2.1625	0.024144	-0.006957
2.1650	0.024255	-0.008002
2.1675	0.023132	-0.009940
2.1700	0.021059	-0.012383
2.1725	0.018493	-0.014438
2.1750	0.015957	-0.015355
2.1775	0.013806	-0.014962
2.1800	0.012041	-0.013500
2.1825	0.010432	-0.011309
2.1850	0.008837	-0.008729
2.1875	0.007279	-0.006135
2.1900	0.005790	-0.003859
2.1925	0.004296	-0.002131
2.1950	0.002649	-0.001182
2.1975	0.000630	-0.001214
2.2000	-0.001966	-0.002140
2.2025	-0.005091	-0.003512
2.2050	-0.008317	-0.004846
2.2075	-0.011089	-0.005914
2.2100	-0.013153	-0.006677
2.2125	-0.014646	-0.007081
2.2150	-0.015817	-0.007121
2.2175	-0.016796	-0.006964
2.2200	-0.017637	-0.006751
2.2225	-0.018354	-0.006424
2.2250	-0.018871	-0.005932
2.2275	-0.019051	-0.005531
2.2300	-0.018841	-0.005683
2.2325	-0.018278	-0.006647
2.2350	-0.017330	-0.008186
2.2375	-0.015904	-0.009655
2.2400	-0.014010	-0.010356
2.2425	-0.011811	-0.009977
2.2450	-0.009514	-0.008829
2.2475	-0.007272	-0.007534
2.2500	-0.005122	-0.006436
2.2525	-0.002974	-0.005379
2.2550	-0.000715	-0.004067
2.2575	0.001640	-0.002480
2.2600	0.003934	-0.000952
2.2625	0.005972	0.000065
2.2650	0.007627	0.000238
2.2675	0.008830	-0.000423
2.2700	0.009572	-0.001430
2.2725	0.009997	-0.002107
2.2750	0.010347	-0.002221
2.2775	0.010694	-0.002111
2.2800	0.010797	-0.002183
2.2825	0.010304	-0.002502
2.2850	0.009116	-0.002867
2.2875	0.007543	-0.003031
2.2900	0.006127	-0.002853
2.2925	0.005335	-0.002537
2.2950	0.005347	-0.002727
2.2975	0.005934	-0.004005
2.3000	0.006565	-0.006140
2.3025	0.006801	-0.008047
2.3050	0.006624	-0.008530
2.3075	0.006255	-0.007076
2.3100	0.005657	-0.004070
2.3125	0.004408	-0.000465
2.3150	0.002135	0.002731
2.3175	-0.001088	0.004931
2.3200	-0.004798	0.006296
2.3225	-0.008442	0.007480
2.3250	-0.011625	0.008838
2.3275	-0.014220	0.009973
2.3300	-0.016372	0.010094
2.3325	-0.018297	0.008665
2.3350	-0.019963	0.005713
2.3375	-0.021043	0.001829
2.3400	-0.021302	-0.001980
2.3425	-0.020892	-0.004732
2.3450	-0.020154	-0.006025
2.3475	-0.019282	-0.006161
2.3500	-0.018239	-0.005742
2.3525	-0.016852	-0.005231
2.3550	-0.014915	-0.004872
2.3575	-0.012278	-0.004792
2.3600	-0.009004	-0.005053
2.3625	-0.005485	-0.005601
2.3650	-0.002318	-0.006203
2.3675	0.000028	-0.006421
2.3700	0.001536	-0.005656
2.3725	0.002674	-0.003433
2.3750	0.004074	0.000101
2.3775	0.006080	0.004083
2.3800	0.008535	0.007444
2.3825	0.010992	0.009490
2.3850	0.013103	0.010080
2.3875	0.014804	0.009515
2.3900	0.016249	0.008352
2.3925	0.017690	0.007091
2.3950	0.019264	0.005857
2.3975	0.020769	0.004530
2.4000	0.021782	0.003192
2.4025	0.022124	0.002217
2.4050	0.022103	0.001893
2.4075	0.022233	0.002233
2.4100	0.022773	0.003129
2.4125	0.023585	0.004426
2.4150	0.024313	0.005804
2.4175	0.024566	0.006859
2.4200	0.024009	0.007413
2.4225	0.022491	0.007619
2.4250	0.020113	0.007701
2.4275	0.017055	0.007732
2.4300	0.013429	0.007667
2.4325	0.009392	0.007407
2.4350	0.005290	0.006775
2.4375	0.001459	0.005628
2.4400	-0.002096	0.004155
2.4425	-0.005656	0.002848
2.4450	-0.009443	0.002048
2.4475	-0.013465	0.001677
2.4500	-0.017576	0.001486
2.4525	-0.021487	0.001310
2.4550	-0.024771	0.001002
2.4575	-0.027025	0.000356
2.4600	-0.028138	-0.000804
2.4625	-0.028361	-0.002467
2.4650	-0.028113	-0.004366
2.4675	-0.027725	-0.005977
2.4700	-0.027324	-0.006616
2.4725	-0.026832	-0.005767
2.4750	-0.026057	-0.003481
2.4775	-0.024791	-0.000432
2.4800	-0.022832	0.002499
2.4825	-0.019936	0.004724
2.4850	-0.015809	0.006168
2.4875	-0.010263	0.007160
2.4900	-0.003477	0.008139
2.4925	0.003899	0.009285
2.4950	0.010963	0.010261
2.4975	0.016988	0.010475
2.5000	0.021812	0.009683
2.5025	0.025872	0.008204
2.5050	0.029771	0.006615
2.5075	0.033718	0.005391
2.5100	0.037360	0.004785
2.5125	0.040093	0.004775
2.5150	0.041474	0.005058
2.5175	0.041355	0.005231
2.5200	0.039891	0.005103
2.5225	0.037611	0.004755
2.5250	0.035261	0.004365
2.5275	0.033297	0.004106
2.5300	0.031550	0.004119
2.5325	0.029461	0.004355
2.5350	0.026641	0.004475
2.5375	0.023134	0.004062
2.5400	0.019246	0.002988
2.5425	0.015313	0.001464
2.5450	0.011639	-0.000248
2.5475	0.008429	-0.002026
2.5500	0.005681	-0.003738
2.5525	0.003219	-0.005116
2.5550	0.000858	-0.005883
2.5575	-0.001490	-0.005920
2.5600	-0.003822	-0.005271
2.5625	-0.006044	-0.004161
2.5650	-0.007975	-0.003035
2.5675	-0.009501	-0.002380
2.5700	-0.010748	-0.002286
2.5725	-0.012015	-0.002302
2.5750	-0.013517	-0.001854
2.5775	-0.015261	-0.000694
2.5800	-0.017119	0.001069
2.5825	-0.018878	0.003165
2.5850	-0.020225	0.005306
2.5875	-0.020820	0.007247
2.5900	-0.020506	0.008811
2.5925	-0.019374	0.009844
2.5950	-0.017669	0.010157
2.5975	-0.015676	0.009650
2.6000	-0.013621	0.008510
2.6025	-0.011589	0.007151
2.6050	-0.009510	0.005933
2.6075	-0.007249	0.004978
2.6100	-0.004701	0.004162
2.6125	-0.001831	0.003201
2.6150	0.001320	0.001810
2.6175	0.004515	-0.000068
2.6200	0.007280	-0.002139
2.6225	0.009158	-0.003951
2.6250	0.009993	-0.005265
2.6275	0.009932	-0.006124
2.6300	0.009274	-0.006663
2.6325	0.008397	-0.007080
2.6350	0.007688	-0.007643
2.6375	0.007369	-0.008427
2.6400	0.007362	-0.009074
2.6425	0.007424	-0.009047
2.6450	0.007420	-0.008181
2.6475	0.007403	-0.006869
2.6500	0.007511	-0.005720
2.6525	0.007933	-0.005107
2.6550	0.008855	-0.004988
2.6575	0.010248	-0.004952
2.6600	0.011697	-0.004422
2.6625	0.012561	-0.003020
2.6650	0.012321	-0.000890
2.6675	0.010753	0.001374
2.6700	0.007914	0.003207
2.6725	0.004184	0.004439
2.6750	0.000287	0.005193
2.6775	-0.002980	0.005592
2.6800	-0.005169	0.005651
2.6825	-0.006367	0.005357
2.6850	-0.007035	0.004792
2.6875	-0.007701	0.004259
2.6900	-0.008763	0.004268
2.6925	-0.010379	0.005239
2.6950	-0.012428	0.007143
2.6975	-0.014560	0.009499
2.7000	-0.016330	0.011685
2.7025	-0.017301	0.013177
2.7050	-0.017181	0.013678
2.7075	-0.015956	0.013198
2.7100	-0.013892	0.012009
2.7125	-0.011378	0.010502
2.7150	-0.008778	0.009075
2.7175	-0.006413	0.008057
2.7200	-0.004578	0.007621
2.7225	-0.003449	0.007700
2.7250	-0.002973	0.007997
2.7275	-0.002934	0.008132
2.7300	-0.003098	0.007808
2.7325	-0.003232	0.006882
2.7350	-0.003087	0.005368
2.7375	-0.002482	0.003444
2.7400	-0.001409	0.001400
2.7425	0.000008	-0.000546
2.7450	0.001613	-0.002428
2.7475	0.003220	-0.004387
2.7500	0.004648	-0.006386
2.7525	0.005796	-0.008207
2.7550	0.006602	-0.009656
2.7575	0.006887	-0.010583
2.7600	0.006404	-0.010864
2.7625	0.005120	-0.010537
2.7650	0.003366	-0.009876
2.7675	0.001645	-0.009161
2.7700	0.000333	-0.008391
2.7725	-0.000393	-0.007317
2.7750	-0.000497	-0.005741
2.7775	-0.000137	-0.003697
2.7800	0.000286	-0.001403
2.7825	0.000300	0.000792
2.7850	-0.000354	0.002429
2.7875	-0.001628	0.003136
2.7900	-0.003250	0.002952
2.7925	-0.004798	0.002339
2.7950	-0.005851	0.001797
2.7975	-0.006255	0.001587
2.8000	-0.006175	0.001784
2.8025	-0.005779	0.002375
2.8050	-0.005021	0.003289
2.8075	-0.003809	0.004517
2.8100	-0.002302	0.006158
2.8125	-0.000959	0.008232
2.8150	-0.000328	0.010486
2.8175	-0.000744	0.012381
2.8200	-0.002098	0.013248
2.8225	-0.003851	0.012608
2.8250	-0.005304	0.010566
2.8275	-0.005971	0.007885
2.8300	-0.005773	0.005537
2.8325	-0.004945	0.004089
2.8350	-0.003816	0.003511
2.8375	-0.002627	0.003465
2.8400	-0.001467	0.003563
2.8425	-0.000273	0.003379
2.8450	0.001049	0.002519
2.8475	0.002393	0.000944
2.8500	0.003444	-0.000866
2.8525	0.003976	-0.002217
2.8550	0.004030	-0.002684
2.8575	0.003776	-0.002292
2.8600	0.003319	-0.001451
2.8625	0.002677	-0.000779
2.8650	0.001854	-0.000761
2.8675	0.000862	-0.001439
2.8700	-0.000265	-0.002468
2.8725	-0.001425	-0.003547
2.8750	-0.002543	-0.004699
2.8775	-0.003721	-0.006022
2.8800	-0.005195	-0.007339
2.8825	-0.007075	-0.008277
2.8850	-0.009213	-0.008570
2.8875	-0.011359	-0.008112
2.8900	-0.013371	-0.006862
2.8925	-0.015159	-0.004941
2.8950	-0.016537	-0.002755
2.8975	-0.017296	-0.000849
2.9000	-0.017344	0.000404
2.9025	-0.016698	0.000913
2.9050	-0.015467	0.000764
2.9075	-0.013943	0.000172
2.9100	-0.012583	-0.000529
2.9125	-0.011729	-0.001038
2.9150	-0.011402	-0.001214
2.9175	-0.011448	-0.001023
2.9200	-0.011762	-0.000482
2.9225	-0.012216	0.000306
2.9250	-0.012497	0.001154
2.9275	-0.012252	0.001869
2.9300	-0.011382	0.002322
2.9325	-0.010107	0.002437
2.9350	-0.008746	0.002209
2.9375	-0.007511	0.001742
2.9400	-0.006504	0.001107
2.9425	-0.005746	0.000192
2.9450	-0.005222	-0.001150
2.9475	-0.005054	-0.002852
2.9500	-0.005607	-0.004659
2.9525	-0.007222	-0.006394
2.9550	-0.009810	-0.008048
2.9575	-0.012735	-0.009579
2.9600	-0.015027	-0.010836
2.9625	-0.015764	-0.011752
2.9650	-0.014527	-0.012377
2.9675	-0.011691	-0.012638
2.9700	-0.008231	-0.012316
2.9725	-0.005145	-0.011383
2.9750	-0.003021	-0.010175
2.9775	-0.001972	-0.009112
2.9800	-0.001701	-0.008386
2.9825	-0.001638	-0.008021
2.9850	-0.001280	-0.007942
2.9875	-0.000486	-0.007825
2.9900	0.000560	-0.007172
2.9925	0.001606	-0.005746
2.9950	0.002462	-0.003782
2.9975	0.002964	-0.001682
3.0000	0.003046	0.000329
3.0025	0.002868	0.002167
3.0050	0.002766	0.003640
3.0075	0.003035	0.004450
3.0100	0.003777	0.004453
3.0125	0.004925	0.003757
3.0150	0.006330	0.002637
3.0175	0.007768	0.001463
3.0200	0.008950	0.000583
3.0225	0.009660	0.000110
3.0250	0.009857	-0.000135
3.0275	0.009582	-0.000404
3.0300	0.008873	-0.000813
3.0325	0.007881	-0.001396
3.0350	0.006931	-0.002180
3.0375	0.006345	-0.003054
3.0400	0.006272	-0.003768
3.0425	0.006739	-0.004161
3.0450	0.007769	-0.004303
3.0475	0.009276	-0.004332
3.0500	0.010944	-0.004254
3.0525	0.012333	-0.003936
3.0550	0.013106	-0.003197
3.0575	0.013160	-0.001874
3.0600	0.012645	0.000054
3.0625	0.011907	0.002347
3.0650	0.011340	0.004631
3.0675	0.011163	0.006662
3.0700	0.011314	0.008347
3.0725	0.011633	0.009587
3.0750	0.012028	0.010268
3.0775	0.012425	0.010424
3.0800	0.012728	0.010268
3.0825	0.012908	0.009998
3.0850	0.013059	0.009765
3.0875	0.013323	0.009866
3.0900	0.013834	0.010639
3.0925	0.014672	0.011996
3.0950	0.015723	0.013370
3.0975	0.016532	0.014221
3.1000	0.016464	0.014394
3.1025	0.015094	0.013984
3.1050	0.012416	0.013103
3.1075	0.008759	0.011907
3.1100	0.004669	0.010630
3.1125	0.000790	0.009458
3.1150	-0.002401	0.008482
3.1175	-0.004929	0.007821
3.1200	-0.007217	0.007655
3.1225	-0.009471	0.008048
3.1250	-0.011342	0.008855
3.1275	-0.012365	0.009807
3.1300	-0.012519	0.010651
3.1325	-0.012194	0.011204
3.1350	-0.011819	0.011483
3.1375	-0.011633	0.011848
3.1400	-0.011621	0.012776
3.1425	-0.011503	0.014356
3.1450	-0.010913	0.016141
3.1475	-0.009760	0.017542
3.1500	-0.008376	0.018251
3.1525	-0.007172	0.018358
3.1550	-0.006237	0.018260
3.1575	-0.005282	0.018395
3.1600	-0.003897	0.018884
3.1625	-0.001870	0.019338
3.1650	0.000595	0.019133
3.1675	0.002921	0.017917
3.1700	0.004512	0.015847
3.1725	0.005185	0.013449
3.1750	0.005273	0.011320
3.1775	0.005296	0.009809
3.1800	0.005617	0.008804
3.1825	0.006378	0.007791
3.1850	0.007589	0.006255
3.1875	0.009165	0.004140
3.1900	0.010931	0.001888
3.1925	0.012730	0.000037
3.1950	0.014471	-0.001087
3.1975	0.016037	-0.001380
3.2000	0.017270	-0.000951
3.2025	0.018084	-0.000157
3.2050	0.018430	0.000571
3.2075	0.018148	0.001066
3.2100	0.017045	0.001459
3.2125	0.015163	0.001826
3.2150	0.012861	0.002042
3.2175	0.010602	0.002025
3.2200	0.008673	0.001877
3.2225	0.007097	0.001729
3.2250	0.005706	0.001624
3.2275	0.004187	0.001539
3.2300	0.002215	0.001350
3.2325	-0.000279	0.000745
3.2350	-0.003043	-0.000591
3.2375	-0.005845	-0.002577
3.2400	-0.008809	-0.004729
3.2425	-0.012209	-0.006621
3.2450	-0.016030	-0.008191
3.2475	-0.019915	-0.009583
3.2500	-0.023375	-0.010882
3.2525	-0.025940	-0.012048
3.2550	-0.027340	-0.012972
3.2575	-0.027701	-0.013477
3.2600	-0.027403	-0.013422
3.2625	-0.026702	-0.012927
3.2650	-0.025601	-0.012368
3.2675	-0.024025	-0.012038
3.2700	-0.022020	-0.011962
3.2725	-0.019729	-0.012075
3.2750	-0.017270	-0.012333
3.2775	-0.014710	-0.012602
3.2800	-0.012104	-0.012687
3.2825	-0.009459	-0.012565
3.2850	-0.006728	-0.012423
3.2875	-0.003883	-0.012345
3.2900	-0.000976	-0.012149
3.2925	0.001937	-0.011576
3.2950	0.004830	-0.010550
3.2975	0.007570	-0.009227
3.3000	0.009837	-0.007894
3.3025	0.011273	-0.006818
3.3050	0.011673	-0.006103
3.3075	0.011071	-0.005701
3.3100	0.009795	-0.005626
3.3125	0.008343	-0.006076
3.3150	0.007043	-0.007145
3.3175	0.005866	-0.008417
3.3200	0.004697	-0.009184
3.3225	0.003653	-0.009137
3.3250	0.002911	-0.008576
3.3275	0.002285	-0.007975
3.3300	0.001203	-0.007617
3.3325	-0.000895	-0.007635
3.3350	-0.004214	-0.008080
3.3375	-0.008497	-0.008748
3.3400	-0.013012	-0.009187
3.3425	-0.016730	-0.009057
3.3450	-0.018823	-0.008385
3.3475	-0.019222	-0.007415
3.3500	-0.018607	-0.006342
3.3525	-0.017746	-0.005254
3.3550	-0.016960	-0.004170
3.3575	-0.016254	-0.003055
3.3600	-0.015625	-0.001898
3.3625	-0.015033	-0.000913
3.3650	-0.014259	-0.000487
3.3675	-0.013084	-0.000781
3.3700	-0.011536	-0.001514
3.3725	-0.009786	-0.002228
3.3750	-0.007970	-0.002628
3.3775	-0.006230	-0.002619
3.3800	-0.004720	-0.002218
3.3825	-0.003393	-0.001598
3.3850	-0.001893	-0.001068
3.3875	0.000224	-0.000799
3.3900	0.003087	-0.000696
3.3925	0.006308	-0.000593
3.3950	0.009182	-0.000408
3.3975	0.011042	-0.000093
3.4000	0.011544	0.000374
3.4025	0.010854	0.000998
3.4050	0.009696	0.001854
3.4075	0.009100	0.003098
3.4100	0.009889	0.004743
3.4125	0.012208	0.006473
3.4150	0.015386	0.007772
3.4175	0.018196	0.008248
3.4200	0.019448	0.007747
3.4225	0.018602	0.006314
3.4250	0.015907	0.004232
3.4275	0.012033	0.002023
3.4300	0.007713	0.000162
3.4325	0.003605	-0.001317
3.4350	0.000152	-0.002740
3.4375	-0.002460	-0.004274
3.4400	-0.004095	-0.005705
3.4425	-0.004514	-0.006731
3.4450	-0.003631	-0.007206
3.4475	-0.001966	-0.007124
3.4500	-0.000623	-0.006606
3.4525	-0.000594	-0.005919
3.4550	-0.002117	-0.005326
3.4575	-0.004650	-0.004824
3.4600	-0.007277	-0.004104
3.4625	-0.009120	-0.002916
3.4650	-0.009643	-0.001410
3.4675	-0.008788	-0.000030
3.4700	-0.006876	0.000831
3.4725	-0.004348	0.001023
3.4750	-0.001634	0.000666
3.4775	0.000768	0.000107
3.4800	0.002368	-0.000252
3.4825	0.002933	-0.000226
3.4850	0.002595	0.000047
3.4875	0.001688	0.000341
3.4900	0.000580	0.000663
3.4925	-0.000301	0.001260
3.4950	-0.000446	0.002430
3.4975	0.000497	0.004364
3.5000	0.002431	0.006982
3.5025	0.004824	0.009859
3.5050	0.006945	0.012398
3.5075	0.008115	0.014182
3.5100	0.007916	0.015168
3.5125	0.006357	0.015563
3.5150	0.003877	0.015573
3.5175	0.001132	0.015295
3.5200	-0.001271	0.014754
3.5225	-0.002907	0.014022
3.5250	-0.003634	0.013314
3.5275	-0.003739	0.012876
3.5300	-0.003844	0.012717
3.5325	-0.004562	0.012534
3.5350	-0.006228	0.011927
3.5375	-0.008816	0.010679
3.5400	-0.011935	0.008863
3.5425	-0.014946	0.006764
3.5450	-0.017299	0.004773
3.5475	-0.018914	0.003294
3.5500	-0.020175	0.002500
3.5525	-0.021515	0.002163
3.5550	-0.023098	0.001896
3.5575	-0.024823	0.001592
3.5600	-0.026435	0.001472
3.5625	-0.027651	0.001716
3.5650	-0.028323	0.002198
3.5675	-0.028505	0.002580
3.5700	-0.028266	0.002494
3.5725	-0.027500	0.001713
3.5750	-0.026122	0.000327
3.5775	-0.024450	-0.001229
3.5800	-0.023121	-0.002402
3.5825	-0.022526	-0.002828
3.5850	-0.022490	-0.002484
3.5875	-0.022499	-0.001620
3.5900	-0.022087	-0.000573
3.5925	-0.020959	0.000372
3.5950	-0.018998	0.001079
3.5975	-0.016344	0.001558
3.6000	-0.013319	0.001817
3.6025	-0.010079	0.001747
3.6050	-0.006513	0.001291
3.6075	-0.002603	0.000665
3.6100	0.001298	0.000289
3.6125	0.004670	0.000421
3.6150	0.007174	0.000918
3.6175	0.008746	0.001310
3.6200	0.009525	0.001098
3.6225	0.009839	0.000122
3.6250	0.010135	-0.001224
3.6275	0.010704	-0.002235
3.6300	0.011456	-0.002481
3.6325	0.012074	-0.002171
3.6350	0.012355	-0.001970
3.6375	0.012355	-0.002482
3.6400	0.012218	-0.003821
3.6425	0.012040	-0.005491
3.6450	0.011850	-0.006645
3.6475	0.011573	-0.006669
3.6500	0.011003	-0.005689
3.6525	0.009938	-0.004488
3.6550	0.008339	-0.003855
3.6575	0.006357	-0.004039
3.6600	0.004338	-0.004751
3.6625	0.002779	-0.005502
3.6650	0.002084	-0.005861
3.6675	0.002276	-0.005586
3.6700	0.003029	-0.004753
3.6725	0.003923	-0.003739
3.6750	0.004548	-0.002899
3.6775	0.004516	-0.002299
3.6800	0.003680	-0.001848
3.6825	0.002360	-0.001546
3.6850	0.001155	-0.001476
3.6875	0.000517	-0.001622
3.6900	0.000596	-0.001830
3.6925	0.001385	-0.001915
3.6950	0.002762	-0.001759
3.6975	0.004341	-0.001382
3.7000	0.005571	-0.001044
3.7025	0.006114	-0.001191
3.7050	0.005985	-0.002116
3.7075	0.005375	-0.003564
3.7100	0.004549	-0.004736
3.7125	0.003851	-0.004846
3.7150	0.003556	-0.003704
3.7175	0.003629	-0.001838
3.7200	0.003779	-0.000151
3.7225	0.003841	0.000587
3.7250	0.003953	0.000143
3.7275	0.004265	-0.001125
3.7300	0.004679	-0.002571
3.7325	0.005030	-0.003647
3.7350	0.005343	-0.004149
3.7375	0.005830	-0.004213
3.7400	0.006708	-0.004104
3.7425	0.008064	-0.003943
3.7450	0.009787	-0.003638
3.7475	0.011563	-0.003121
3.7500	0.012994	-0.002622
3.7525	0.013892	-0.002537
3.7550	0.014406	-0.002971
3.7575	0.014791	-0.003569
3.7600	0.015146	-0.003826
3.7625	0.015416	-0.003475
3.7650	0.015528	-0.002625
3.7675	0.015422	-0.001698
3.7700	0.015031	-0.001229
3.7725	0.014307	-0.001547
3.7750	0.013214	-0.002486
3.7775	0.011680	-0.003511
3.7800	0.009675	-0.004208
3.7825	0.007326	-0.004583
3.7850	0.004789	-0.004882
3.7875	0.002060	-0.005276
3.7900	-0.000961	-0.005770
3.7925	-0.004299	-0.006237
3.7950	-0.007884	-0.006390
3.7975	-0.011614	-0.005885
3.8000	-0.015281	-0.004687
3.8025	-0.018454	-0.003252
3.8050	-0.020595	-0.002132
3.8075	-0.021432	-0.001518
3.8100	-0.021179	-0.001240
3.8125	-0.020407	-0.001124
3.8150	-0.019753	-0.001246
3.8175	-0.019666	-0.001892
3.8200	-0.020178	-0.003296
3.8225	-0.020771	-0.005351
3.8250	-0.020647	-0.007500
3.8275	-0.019355	-0.009038
3.8300	-0.017103	-0.009629
3.8325	-0.014409	-0.009507
3.8350	-0.011612	-0.009181
3.8375	-0.008787	-0.009021
3.8400	-0.005880	-0.009112
3.8425	-0.002816	-0.009353
3.8450	0.000397	-0.009623
3.8475	0.003537	-0.009847
3.8500	0.006270	-0.009989
3.8525	0.008453	-0.009949
3.8550	0.010237	-0.009478
3.8575	0.011865	-0.008321
3.8600	0.013514	-0.006499
3.8625	0.015282	-0.004350
3.8650	0.017200	-0.002312
3.8675	0.019187	-0.000758
3.8700	0.021052	0.000074
3.8725	0.022647	0.000201
3.8750	0.023937	-0.000041
3.8775	0.024790	-0.000230
3.8800	0.024848	-0.000218
3.8825	0.023810	-0.000133
3.8850	0.021710	-0.000072
3.8875	0.018874	0.000016
3.8900	0.015778	0.000171
3.8925	0.012969	0.000334
3.8950	0.010845	0.000508
3.8975	0.009374	0.000838
3.9000	0.008094	0.001431
3.9025	0.006464	0.002261
3.9050	0.004175	0.003317
3.9075	0.001201	0.004623
3.9100	-0.002243	0.006055
3.9125	-0.005819	0.007345
3.9150	-0.009279	0.008299
3.9175	-0.012589	0.008894
3.9200	-0.015776	0.009213
3.9225	-0.018650	0.009445
3.9250	-0.020822	0.009961
3.9275	-0.022053	0.011169
3.9300	-0.022454	0.013143
3.9325	-0.022265	0.015475
3.9350	-0.021637	0.017540
3.9375	-0.020655	0.018898
3.9400	-0.019358	0.019475
3.9425	-0.017677	0.019456
3.9450	-0.015571	0.019093
3.9475	-0.013266	0.018630
3.9500	-0.011139	0.018290
3.9525	-0.009335	0.018280
3.9550	-0.007693	0.018787
3.9575	-0.006075	0.019829
3.9600	-0.004508	0.021078
3.9625	-0.002989	0.021980
3.9650	-0.001396	0.022115
3.9675	0.000354	0.021392
3.9700	0.002236	0.019994
3.9725	0.004315	0.018281
3.9750	0.006841	0.016718
3.9775	0.009955	0.015647
3.9800	0.013406	0.014982
3.9825	0.016707	0.014289
3.9850	0.019459	0.013217
3.9875	0.021452	0.011721
3.9900	0.022585	0.009930
3.9925	0.022837	0.008008
3.9950	0.022294	0.006161
3.9975	0.021085	0.004538
4.0000	0.019307	0.003091
4.0025	0.017107	0.001686
4.0050	0.014739	0.000391
4.0075	0.012452	-0.000545
4.0100	0.010380	-0.000980
4.0125	0.008561	-0.000968
4.0150	0.006945	-0.000585
4.0175	0.005433	0.000133
4.0200	0.003988	0.001038
4.0225	0.002690	0.001854
4.0250	0.001534	0.002392
4.0275	0.000187	0.002652
4.0300	-0.001919	0.002626
4.0325	-0.005214	0.002247
4.0350	-0.009743	0.001665
4.0375	-0.015198	0.001330
4.0400	-0.021032	0.001655
4.0425	-0.026572	0.002665
4.0450	-0.031199	0.004048
4.0475	-0.034571	0.005430
4.0500	-0.036655	0.006519
4.0525	-0.037530	0.007102
4.0550	-0.037277	0.007099
4.0575	-0.036036	0.006622
4.0600	-0.033970	0.005848
4.0625	-0.031167	0.004843
4.0650	-0.027759	0.003515
4.0675	-0.024110	0.001642
4.0700	-0.020676	-0.001018
4.0725	-0.017596	-0.004445
4.0750	-0.014578	-0.008166
4.0775	-0.011253	-0.011542
4.0800	-0.007463	-0.014297
4.0825	-0.003203	-0.016620
4.0850	0.001482	-0.018786
4.0875	0.006375	-0.020921
4.0900	0.010978	-0.023037
4.0925	0.014678	-0.025033
4.0950	0.017090	-0.026668
4.0975	0.018237	-0.027760
4.1000	0.018488	-0.028432
4.1025	0.018448	-0.028951
4.1050	0.018757	-0.029279
4.1075	0.019753	-0.028981
4.1100	0.021281	-0.027630
4.1125	0.022790	-0.025146
4.1150	0.023538	-0.021805
4.1175	0.022819	-0.018163
4.1200	0.020320	-0.014957
4.1225	0.016392	-0.012806
4.1250	0.011773	-0.011807
4.1275	0.006981	-0.011464
4.1300	0.002110	-0.011110
4.1325	-0.002860	-0.010286
4.1350	-0.007833	-0.008760
4.1375	-0.012645	-0.006489
4.1400	-0.017126	-0.003721
4.1425	-0.021113	-0.000944
4.1450	-0.024564	0.001404
4.1475	-0.027664	0.003066
4.1500	-0.030690	0.003850
4.1525	-0.033721	0.003709
4.1550	-0.036621	0.003080
4.1575	-0.039335	0.002868
4.1600	-0.041983	0.003808
4.1625	-0.044565	0.005852
4.1650	-0.046772	0.008187
4.1675	-0.048187	0.009777
4.1700	-0.048540	0.009994
4.1725	-0.047674	0.008999
4.1750	-0.045456	0.007627
4.1775	-0.041934	0.006781
4.1800	-0.037391	0.006711
4.1825	-0.032138	0.006832
4.1850	-0.026454	0.006219
4.1875	-0.020749	0.004249
4.1900	-0.015493	0.000942
4.1925	-0.010877	-0.003049
4.1950	-0.006699	-0.006749
4.1975	-0.002651	-0.009425
4.2000	0.001407	-0.011059
4.2025	0.005451	-0.012229
4.2050	0.009334	-0.013493
4.2075	0.012786	-0.014949
4.2100	0.015534	-0.016359
4.2125	0.017518	-0.017460
4.2150	0.018918	-0.018101
4.2175	0.019975	-0.018260
4.2200	0.020811	-0.018010
4.2225	0.021434	-0.017385
4.2250	0.021791	-0.016242
4.2275	0.021719	-0.014382
4.2300	0.021032	-0.011828
4.2325	0.019743	-0.008865
4.2350	0.018036	-0.005815
4.2375	0.016015	-0.002947
4.2400	0.013660	-0.000556
4.2425	0.010944	0.001189
4.2450	0.007831	0.002504
4.2475	0.004218	0.003816
4.2500	0.000055	0.005216
4.2525	-0.004444	0.006303
4.2550	-0.008887	0.006674
4.2575	-0.012991	0.006355
4.2600	-0.016701	0.005625
4.2625	-0.020107	0.004717
4.2650	-0.023354	0.003786
4.2675	-0.026586	0.002930
4.2700	-0.029779	0.002146
4.2725	-0.032551	0.001433
4.2750	-0.034295	0.000981
4.2775	-0.034659	0.001073
4.2800	-0.033805	0.001682
4.2825	-0.032146	0.002282
4.2850	-0.030017	0.002199
4.2875	-0.027639	0.001103
4.2900	-0.025120	-0.000829
4.2925	-0.022334	-0.003091
4.2950	-0.018970	-0.005160
4.2975	-0.014883	-0.006781
4.3000	-0.010311	-0.008088
4.3025	-0.005702	-0.009411
4.3050	-0.001465	-0.010879
4.3075	0.002141	-0.012226
4.3100	0.005144	-0.013011
4.3125	0.007946	-0.012987
4.3150	0.011068	-0.012309
4.3175	0.014702	-0.011533
4.3200	0.018508	-0.011342
4.3225	0.021821	-0.012020
4.3250	0.024090	-0.013086
4.3275	0.025183	-0.013624
4.3300	0.025444	-0.013052
4.3325	0.025524	-0.011549
4.3350	0.025941	-0.009813
4.3375	0.026610	-0.008608
4.3400	0.026876	-0.008376
4.3425	0.026111	-0.008953
4.3450	0.024170	-0.009607
4.3475	0.021285	-0.009535
4.3500	0.017751	-0.008472
4.3525	0.013832	-0.006819
4.3550	0.009714	-0.005155
4.3575	0.005428	-0.003727
4.3600	0.000990	-0.002382
4.3625	-0.003419	-0.000791
4.3650	-0.007566	0.001294
4.3675	-0.011401	0.003753
4.3700	-0.014993	0.005994
4.3725	-0.018225	0.007287
4.3750	-0.020750	0.007346
4.3775	-0.022295	0.006477
4.3800	-0.022869	0.005138
4.3825	-0.022748	0.003505
4.3850	-0.022486	0.001555
4.3875	-0.022785	-0.000637
4.3900	-0.024030	-0.002820
4.3925	-0.025840	-0.004657
4.3950	-0.027239	-0.005845
4.3975	-0.027375	-0.006260
4.4000	-0.025999	-0.006129
4.4025	-0.023319	-0.005969
4.4050	-0.019722	-0.006222
4.4075	-0.015682	-0.006864
4.4100	-0.011591	-0.007346
4.4125	-0.007558	-0.006912
4.4150	-0.003521	-0.005074
4.4175	0.000503	-0.001964
4.4200	0.004485	0.001699
4.4225	0.008604	0.005099
4.4250	0.013140	0.007877
4.4275	0.018082	0.010216
4.4300	0.023046	0.012416
4.4325	0.027597	0.014491
4.4350	0.031485	0.016117
4.4375	0.034564	0.016855
4.4400	0.036726	0.016519
4.4425	0.038034	0.015483
4.4450	0.038718	0.014543
4.4475	0.038869	0.014358
4.4500	0.038244	0.015031
4.4525	0.036499	0.016125
4.4550	0.033498	0.016946
4.4575	0.029351	0.016846
4.4600	0.024381	0.015541
4.4625	0.019166	0.013312
4.4650	0.014465	0.010864
4.4675	0.010915	0.008803
4.4700	0.008741	0.007275
4.4725	0.007722	0.006138
4.4750	0.007326	0.005340
4.4775	0.006896	0.004916
4.4800	0.005955	0.004728
4.4825	0.004428	0.004453
4.4850	0.002484	0.003819
4.4875	0.000253	0.002708
4.4900	-0.002118	0.001138
4.4925	-0.004303	-0.000633
4.4950	-0.005959	-0.002074
4.4975	-0.007075	-0.002690
4.5000	-0.008002	-0.002388
4.5025	-0.009033	-0.001471
4.5050	-0.010092	-0.000331
4.5075	-0.010903	0.000770
4.5100	-0.011261	0.001701
4.5125	-0.011082	0.002402
4.5150	-0.010455	0.002868
4.5175	-0.009728	0.003107
4.5200	-0.009334	0.003131
4.5225	-0.009451	0.003036
4.5250	-0.009943	0.003022
4.5275	-0.010637	0.003310
4.5300	-0.011397	0.004059
4.5325	-0.011916	0.005293
4.5350	-0.011709	0.006797
4.5375	-0.010382	0.008120
4.5400	-0.007810	0.008849
4.5425	-0.004110	0.008957
4.5450	0.000362	0.008821
4.5475	0.004997	0.008910
4.5500	0.009138	0.009467
4.5525	0.012469	0.010361
4.5550	0.015107	0.011115
4.5575	0.017250	0.011133
4.5600	0.018949	0.010089
4.5625	0.020296	0.008221
4.5650	0.021548	0.006226
4.5675	0.022851	0.004755
4.5700	0.023948	0.003960
4.5725	0.024330	0.003526
4.5750	0.023608	0.003011
4.5775	0.021655	0.002139
4.5800	0.018601	0.000963
4.5825	0.014816	-0.000069
4.5850	0.010792	-0.000353
4.5875	0.006971	0.000346
4.5900	0.003684	0.001627
4.5925	0.001130	0.002861
4.5950	-0.000694	0.003720
4.5975	-0.002013	0.004177
4.6000	-0.003128	0.004260
4.6025	-0.004236	0.003978
4.6050	-0.005409	0.003394
4.6075	-0.006659	0.002634
4.6100	-0.007950	0.001850
4.6125	-0.009205	0.001202
4.6150	-0.010378	0.000794
4.6175	-0.011487	0.000539
4.6200	-0.012515	0.000139
4.6225	-0.013308	-0.000618
4.6250	-0.013692	-0.001602
4.6275	-0.013724	-0.002467
4.6300	-0.013635	-0.002951
4.6325	-0.013484	-0.002982
4.6350	-0.013124	-0.002629
4.6375	-0.012551	-0.002076
4.6400	-0.012039	-0.001567
4.6425	-0.011878	-0.001241
4.6450	-0.012155	-0.001087
4.6475	-0.012821	-0.001029
4.6500	-0.013726	-0.000938
4.6525	-0.014480	-0.000626
4.6550	-0.014534	-0.000029
4.6575	-0.013549	0.000644
4.6600	-0.011603	0.001084
4.6625	-0.008989	0.001234
4.6650	-0.006001	0.001342
4.6675	-0.002966	0.001617
4.6700	-0.000247	0.002004
4.6725	0.001964	0.002353
4.6750	0.003822	0.002550
4.6775	0.005637	0.002454
4.6800	0.007521	0.001923
4.6825	0.009320	0.001026
4.6850	0.010741	0.000081
4.6875	0.011475	-0.000619
4.6900	0.011318	-0.001008
4.6925	0.010312	-0.001122
4.6950	0.008736	-0.000984
4.6975	0.006927	-0.000759
4.7000	0.005200	-0.000760
4.7025	0.003901	-0.001134
4.7050	0.003291	-0.001691
4.7075	0.003333	-0.002142
4.7100	0.003783	-0.002369
4.7125	0.004445	-0.002412
4.7150	0.005173	-0.002352
4.7175	0.005763	-0.002332
4.7200	0.006034	-0.002507
4.7225	0.005961	-0.002828
4.7250	0.005581	-0.003029
4.7275	0.004781	-0.002953
4.7300	0.003307	-0.002767
4.7325	0.001018	-0.002794
4.7350	-0.001959	-0.003166
4.7375	-0.005289	-0.003730
4.7400	-0.008464	-0.004276
4.7425	-0.010836	-0.004690
4.7450	-0.011920	-0.004944
4.7475	-0.011791	-0.005108
4.7500	-0.010993	-0.005352
4.7525	-0.010005	-0.005812
4.7550	-0.009019	-0.006440
4.7575	-0.008163	-0.006994
4.7600	-0.007569	-0.007156
4.7625	-0.007203	-0.006740
4.7650	-0.006863	-0.005888
4.7675	-0.006390	-0.004978
4.7700	-0.005739	-0.004232
4.7725	-0.004852	-0.003413
4.7750	-0.003627	-0.002097
4.7775	-0.002129	-0.000225
4.7800	-0.000691	0.001833
4.7825	0.000352	0.003696
4.7850	0.000914	0.005234
4.7875	0.001127	0.006396
4.7900	0.001234	0.007079
4.7925	0.001551	0.007300
4.7950	0.002347	0.007275
4.7975	0.003553	0.007178
4.8000	0.004708	0.007037
4.8025	0.005383	0.006974
4.8050	0.005594	0.007305
4.8075	0.005678	0.008264
4.8100	0.005923	0.009770
4.8125	0.006377	0.011510
4.8150	0.006815	0.013093
4.8175	0.006799	0.014077
4.8200	0.005929	0.014102
4.8225	0.004189	0.013207
4.8250	0.001987	0.011816
4.8275	-0.000232	0.010291
4.8300	-0.002265	0.008613
4.8325	-0.004052	0.006553
4.8350	-0.005578	0.004013
4.8375	-0.006897	0.001173
4.8400	-0.008031	-0.001518
4.8425	-0.008860	-0.003372
4.8450	-0.009311	-0.003737
4.8475	-0.009630	-0.002516
4.8500	-0.010254	-0.000343
4.8525	-0.011358	0.001833
4.8550	-0.012710	0.003271
4.8575	-0.013943	0.003674
4.8600	-0.014747	0.003226
4.8625	-0.014858	0.002502
4.8650	-0.014184	0.002154
4.8675	-0.013026	0.002476
4.8700	-0.011943	0.003298
4.8725	-0.011254	0.004277
4.8750	-0.010770	0.005113
4.8775	-0.010083	0.005485
4.8800	-0.008957	0.005095
4.8825	-0.007442	0.003849
4.8850	-0.005820	0.001896
4.8875	-0.004497	-0.000489
4.8900	-0.003743	-0.002970
4.8925	-0.003441	-0.005185
4.8950	-0.003183	-0.006902
4.8975	-0.002671	-0.008109
4.9000	-0.001902	-0.008880
4.9025	-0.000937	-0.009193
4.9050	0.000273	-0.009057
4.9075	0.001715	-0.008707
4.9100	0.003148	-0.008457
4.9125	0.004230	-0.008363
4.9150	0.004744	-0.008244
4.9175	0.004674	-0.008086
4.9200	0.004176	-0.008158
4.9225	0.003613	-0.008593
4.9250	0.003488	-0.009172
4.9275	0.004111	-0.009625
4.9300	0.005324	-0.009878
4.9325	0.006593	-0.009891
4.9350	0.007301	-0.009566
4.9375	0.007109	-0.008902
4.9400	0.006234	-0.008071
4.9425	0.005293	-0.007245
4.9450	0.004783	-0.006489
4.9475	0.004720	-0.005867
4.9500	0.004809	-0.005509
4.9525	0.004807	-0.005469
4.9550	0.004611	-0.005644
4.9575	0.004147	-0.005804
4.9600	0.003419	-0.005620
4.9625	0.002562	-0.004697
4.9650	0.001696	-0.002759
4.9675	0.000803	0.000056
4.9700	-0.000120	0.003133
4.9725	-0.000869	0.005724
4.9750	-0.001201	0.007322
4.9775	-0.001200	0.007707
4.9800	-0.001317	0.006881
4.9825	-0.001980	0.005117
4.9850	-0.003331	0.002886
4.9875	-0.005275	0.000662
4.9900	-0.007510	-0.001128
4.9925	-0.009510	-0.002067
4.9950	-0.010716	-0.001958
4.9975	-0.010865	-0.001100
